6.690000057220458984e+00 7.340000152587890625e+00 5.969999790191650391e+00 5.800000190734863281e+00
6.659999847412109375e+00 7.389999866485595703e+00 6.000000000000000000e+00 5.860000133514404297e+00
6.719999790191650391e+00 7.280000209808349609e+00 5.969999790191650391e+00 5.650000095367431641e+00
6.789999961853027344e+00 7.380000114440917969e+00 6.539999961853027344e+00 5.909999847412109375e+00
6.789999961853027344e+00 7.289999961853027344e+00 6.320000171661376953e+00 6.019999980926513672e+00
6.650000095367431641e+00 7.250000000000000000e+00 5.949999809265136719e+00 5.489999771118164062e+00
6.989999771118164062e+00 7.679999828338623047e+00 6.869999885559082031e+00 5.900000095367431641e+00
6.659999847412109375e+00 7.250000000000000000e+00 6.010000228881835938e+00 5.829999923706054688e+00
6.610000133514404297e+00 7.070000171661376953e+00 6.000000000000000000e+00 5.639999866485595703e+00
6.670000076293945312e+00 7.300000190734863281e+00 6.059999942779541016e+00 5.929999828338623047e+00
6.670000076293945312e+00 7.179999828338623047e+00 6.010000228881835938e+00 5.699999809265136719e+00
6.769999980926513672e+00 7.360000133514404297e+00 6.010000228881835938e+00 5.650000095367431641e+00
6.690000057220458984e+00 7.329999923706054688e+00 6.039999961853027344e+00 5.929999828338623047e+00
6.610000133514404297e+00 7.219999790191650391e+00 6.179999828338623047e+00 5.949999809265136719e+00
6.750000000000000000e+00 7.329999923706054688e+00 5.989999771118164062e+00 5.690000057220458984e+00
6.690000057220458984e+00 7.309999942779541016e+00 6.039999961853027344e+00 5.920000076293945312e+00
6.630000114440917969e+00 7.280000209808349609e+00 5.960000038146972656e+00 5.820000171661376953e+00
6.630000114440917969e+00 7.210000038146972656e+00 6.050000190734863281e+00 5.670000076293945312e+00
6.789999961853027344e+00 7.329999923706054688e+00 6.119999885559082031e+00 6.079999923706054688e+00
6.659999847412109375e+00 7.300000190734863281e+00 6.090000152587890625e+00 6.000000000000000000e+00
6.670000076293945312e+00 7.210000038146972656e+00 6.030000209808349609e+00 5.900000095367431641e+00
6.659999847412109375e+00 7.369999885559082031e+00 6.019999980926513672e+00 5.989999771118164062e+00
6.619999885559082031e+00 7.289999961853027344e+00 6.030000209808349609e+00 5.849999904632568359e+00
6.690000057220458984e+00 7.300000190734863281e+00 6.010000228881835938e+00 5.920000076293945312e+00
6.690000057220458984e+00 7.239999771118164062e+00 6.119999885559082031e+00 5.920000076293945312e+00
6.610000133514404297e+00 7.239999771118164062e+00 6.139999866485595703e+00 5.889999866485595703e+00
6.679999828338623047e+00 7.289999961853027344e+00 5.980000019073486328e+00 5.739999771118164062e+00
6.659999847412109375e+00 7.269999980926513672e+00 5.909999847412109375e+00 5.760000228881835938e+00
6.849999904632568359e+00 7.340000152587890625e+00 6.449999809265136719e+00 6.179999828338623047e+00
6.840000152587890625e+00 7.329999923706054688e+00 6.340000152587890625e+00 5.849999904632568359e+00
6.710000038146972656e+00 7.250000000000000000e+00 5.880000114440917969e+00 5.690000057220458984e+00
6.579999923706054688e+00 7.110000133514404297e+00 6.050000190734863281e+00 5.869999885559082031e+00
6.550000190734863281e+00 7.239999771118164062e+00 6.039999961853027344e+00 6.030000209808349609e+00
6.730000019073486328e+00 7.300000190734863281e+00 6.150000095367431641e+00 6.070000171661376953e+00
6.730000019073486328e+00 7.269999980926513672e+00 6.010000228881835938e+00 5.920000076293945312e+00
6.699999809265136719e+00 7.289999961853027344e+00 6.119999885559082031e+00 6.050000190734863281e+00
6.650000095367431641e+00 7.280000209808349609e+00 5.960000038146972656e+00 5.719999790191650391e+00
6.690000057220458984e+00 7.289999961853027344e+00 5.980000019073486328e+00 5.900000095367431641e+00
7.130000114440917969e+00 7.269999980926513672e+00 6.789999961853027344e+00 5.989999771118164062e+00
6.750000000000000000e+00 7.300000190734863281e+00 6.000000000000000000e+00 5.679999828338623047e+00
6.670000076293945312e+00 7.340000152587890625e+00 6.000000000000000000e+00 5.679999828338623047e+00
6.630000114440917969e+00 7.289999961853027344e+00 5.889999866485595703e+00 5.599999904632568359e+00
6.719999790191650391e+00 7.300000190734863281e+00 6.090000152587890625e+00 5.880000114440917969e+00
6.639999866485595703e+00 7.329999923706054688e+00 5.960000038146972656e+00 5.869999885559082031e+00
6.639999866485595703e+00 7.360000133514404297e+00 6.179999828338623047e+00 6.079999923706054688e+00
6.519999980926513672e+00 6.780000209808349609e+00 6.219999790191650391e+00 5.980000019073486328e+00
6.719999790191650391e+00 7.320000171661376953e+00 6.320000171661376953e+00 6.130000114440917969e+00
6.650000095367431641e+00 7.250000000000000000e+00 5.940000057220458984e+00 5.750000000000000000e+00
6.679999828338623047e+00 7.239999771118164062e+00 5.949999809265136719e+00 5.920000076293945312e+00
6.610000133514404297e+00 7.260000228881835938e+00 6.019999980926513672e+00 5.860000133514404297e+00
6.659999847412109375e+00 7.159999847412109375e+00 5.880000114440917969e+00 5.630000114440917969e+00
6.639999866485595703e+00 7.309999942779541016e+00 5.980000019073486328e+00 5.659999847412109375e+00
6.710000038146972656e+00 7.320000171661376953e+00 6.090000152587890625e+00 5.869999885559082031e+00
6.670000076293945312e+00 7.280000209808349609e+00 5.889999866485595703e+00 5.559999942779541016e+00
6.719999790191650391e+00 7.280000209808349609e+00 5.940000057220458984e+00 5.570000171661376953e+00
6.670000076293945312e+00 7.280000209808349609e+00 6.019999980926513672e+00 5.730000019073486328e+00
6.730000019073486328e+00 7.300000190734863281e+00 6.010000228881835938e+00 5.869999885559082031e+00
7.070000171661376953e+00 7.019999980926513672e+00 6.590000152587890625e+00 5.869999885559082031e+00
6.690000057220458984e+00 7.309999942779541016e+00 5.929999828338623047e+00 5.630000114440917969e+00
6.739999771118164062e+00 7.599999904632568359e+00 6.190000057220458984e+00 6.150000095367431641e+00
6.340000152587890625e+00 6.750000000000000000e+00 5.699999809265136719e+00 5.380000114440917969e+00
6.320000171661376953e+00 6.389999866485595703e+00 5.559999942779541016e+00 4.969999790191650391e+00
6.289999961853027344e+00 6.670000076293945312e+00 5.469999790191650391e+00 5.239999771118164062e+00
6.329999923706054688e+00 6.769999980926513672e+00 5.539999961853027344e+00 5.230000019073486328e+00
6.349999904632568359e+00 6.800000190734863281e+00 5.679999828338623047e+00 5.409999847412109375e+00
6.500000000000000000e+00 6.849999904632568359e+00 5.550000190734863281e+00 5.250000000000000000e+00
6.309999942779541016e+00 6.769999980926513672e+00 5.460000038146972656e+00 5.280000209808349609e+00
6.329999923706054688e+00 6.820000171661376953e+00 5.670000076293945312e+00 5.400000095367431641e+00
6.460000038146972656e+00 6.840000152587890625e+00 5.949999809265136719e+00 5.769999980926513672e+00
6.340000152587890625e+00 6.820000171661376953e+00 5.679999828338623047e+00 5.400000095367431641e+00
6.389999866485595703e+00 6.909999847412109375e+00 5.710000038146972656e+00 5.539999961853027344e+00
6.369999885559082031e+00 6.820000171661376953e+00 5.420000076293945312e+00 5.000000000000000000e+00
6.320000171661376953e+00 6.719999790191650391e+00 5.269999980926513672e+00 5.190000057220458984e+00
6.400000095367431641e+00 6.760000228881835938e+00 5.889999866485595703e+00 5.710000038146972656e+00
6.309999942779541016e+00 6.760000228881835938e+00 5.659999847412109375e+00 5.269999980926513672e+00
6.269999980926513672e+00 6.610000133514404297e+00 5.429999828338623047e+00 5.170000076293945312e+00
6.349999904632568359e+00 6.750000000000000000e+00 5.599999904632568359e+00 5.460000038146972656e+00
6.400000095367431641e+00 6.860000133514404297e+00 5.880000114440917969e+00 5.690000057220458984e+00
6.329999923706054688e+00 6.730000019073486328e+00 5.539999961853027344e+00 5.449999809265136719e+00
6.239999771118164062e+00 6.670000076293945312e+00 5.630000114440917969e+00 5.469999790191650391e+00
6.340000152587890625e+00 6.789999961853027344e+00 5.409999847412109375e+00 4.909999847412109375e+00
6.320000171661376953e+00 6.710000038146972656e+00 5.670000076293945312e+00 5.489999771118164062e+00
6.380000114440917969e+00 6.750000000000000000e+00 5.300000190734863281e+00 4.929999828338623047e+00
6.369999885559082031e+00 6.780000209808349609e+00 5.440000057220458984e+00 4.920000076293945312e+00
6.380000114440917969e+00 6.869999885559082031e+00 5.630000114440917969e+00 5.460000038146972656e+00
6.289999961853027344e+00 6.659999847412109375e+00 5.409999847412109375e+00 5.199999809265136719e+00
6.409999847412109375e+00 6.869999885559082031e+00 5.880000114440917969e+00 5.820000171661376953e+00
6.309999942779541016e+00 6.699999809265136719e+00 5.349999904632568359e+00 5.079999923706054688e+00
6.340000152587890625e+00 6.730000019073486328e+00 5.900000095367431641e+00 5.400000095367431641e+00
6.349999904632568359e+00 6.760000228881835938e+00 5.550000190734863281e+00 5.250000000000000000e+00
6.260000228881835938e+00 6.699999809265136719e+00 5.480000019073486328e+00 5.349999904632568359e+00
6.300000190734863281e+00 6.769999980926513672e+00 5.389999866485595703e+00 4.849999904632568359e+00
6.280000209808349609e+00 6.769999980926513672e+00 5.840000152587890625e+00 5.179999828338623047e+00
6.380000114440917969e+00 6.659999847412109375e+00 5.619999885559082031e+00 5.340000152587890625e+00
6.429999828338623047e+00 6.880000114440917969e+00 5.869999885559082031e+00 5.730000019073486328e+00
6.380000114440917969e+00 6.829999923706054688e+00 5.289999961853027344e+00 4.969999790191650391e+00
6.360000133514404297e+00 6.820000171661376953e+00 5.380000114440917969e+00 5.199999809265136719e+00
6.320000171661376953e+00 6.760000228881835938e+00 5.530000209808349609e+00 5.280000209808349609e+00
6.400000095367431641e+00 6.739999771118164062e+00 5.900000095367431641e+00 5.829999923706054688e+00
6.389999866485595703e+00 6.869999885559082031e+00 5.829999923706054688e+00 5.760000228881835938e+00
6.329999923706054688e+00 6.780000209808349609e+00 5.530000209808349609e+00 5.539999961853027344e+00
6.300000190734863281e+00 6.750000000000000000e+00 5.449999809265136719e+00 5.250000000000000000e+00
6.389999866485595703e+00 6.650000095367431641e+00 5.099999904632568359e+00 4.769999980926513672e+00
6.239999771118164062e+00 6.750000000000000000e+00 5.340000152587890625e+00 4.940000057220458984e+00
6.440000057220458984e+00 6.610000133514404297e+00 5.510000228881835938e+00 5.210000038146972656e+00
6.409999847412109375e+00 6.679999828338623047e+00 5.710000038146972656e+00 5.469999790191650391e+00
6.440000057220458984e+00 6.570000171661376953e+00 5.909999847412109375e+00 5.650000095367431641e+00
6.289999961853027344e+00 6.730000019073486328e+00 5.500000000000000000e+00 5.219999790191650391e+00
6.429999828338623047e+00 6.869999885559082031e+00 5.929999828338623047e+00 5.849999904632568359e+00
6.400000095367431641e+00 6.829999923706054688e+00 5.630000114440917969e+00 5.530000209808349609e+00
6.429999828338623047e+00 6.889999866485595703e+00 5.880000114440917969e+00 5.800000190734863281e+00
5.969999790191650391e+00 6.519999980926513672e+00 5.869999885559082031e+00 5.070000171661376953e+00
5.880000114440917969e+00 6.119999885559082031e+00 5.739999771118164062e+00 5.050000190734863281e+00
5.920000076293945312e+00 6.230000019073486328e+00 5.110000133514404297e+00 4.570000171661376953e+00
5.880000114440917969e+00 6.530000209808349609e+00 5.449999809265136719e+00 4.880000114440917969e+00
5.849999904632568359e+00 6.090000152587890625e+00 5.230000019073486328e+00 4.699999809265136719e+00
5.909999847412109375e+00 6.460000038146972656e+00 5.409999847412109375e+00 5.260000228881835938e+00
6.860000133514404297e+00 7.159999847412109375e+00 5.969999790191650391e+00 5.820000171661376953e+00
6.980000019073486328e+00 7.289999961853027344e+00 6.179999828338623047e+00 6.030000209808349609e+00
7.000000000000000000e+00 7.260000228881835938e+00 6.139999866485595703e+00 6.019999980926513672e+00
6.989999771118164062e+00 7.260000228881835938e+00 6.130000114440917969e+00 6.019999980926513672e+00
6.960000038146972656e+00 7.239999771118164062e+00 6.130000114440917969e+00 5.889999866485595703e+00
7.039999961853027344e+00 7.250000000000000000e+00 6.349999904632568359e+00 6.329999923706054688e+00
6.909999847412109375e+00 7.199999809265136719e+00 6.059999942779541016e+00 5.940000057220458984e+00
6.980000019073486328e+00 7.210000038146972656e+00 6.119999885559082031e+00 5.969999790191650391e+00
6.980000019073486328e+00 7.280000209808349609e+00 6.110000133514404297e+00 5.980000019073486328e+00
6.949999809265136719e+00 7.280000209808349609e+00 6.090000152587890625e+00 5.989999771118164062e+00
7.019999980926513672e+00 7.260000228881835938e+00 6.090000152587890625e+00 6.050000190734863281e+00
7.019999980926513672e+00 7.329999923706054688e+00 6.119999885559082031e+00 6.010000228881835938e+00
7.000000000000000000e+00 7.269999980926513672e+00 6.159999847412109375e+00 6.070000171661376953e+00
7.039999961853027344e+00 7.309999942779541016e+00 6.050000190734863281e+00 6.260000228881835938e+00
7.000000000000000000e+00 7.340000152587890625e+00 6.119999885559082031e+00 6.019999980926513672e+00
6.980000019073486328e+00 7.300000190734863281e+00 6.150000095367431641e+00 5.949999809265136719e+00
6.980000019073486328e+00 7.309999942779541016e+00 6.139999866485595703e+00 6.019999980926513672e+00
7.260000228881835938e+00 7.500000000000000000e+00 6.280000209808349609e+00 6.039999961853027344e+00
6.989999771118164062e+00 7.280000209808349609e+00 6.150000095367431641e+00 6.039999961853027344e+00
7.280000209808349609e+00 7.619999885559082031e+00 6.449999809265136719e+00 6.039999961853027344e+00
7.489999771118164062e+00 7.699999809265136719e+00 6.280000209808349609e+00 6.230000019073486328e+00
7.469999790191650391e+00 7.630000114440917969e+00 6.449999809265136719e+00 6.239999771118164062e+00
7.360000133514404297e+00 7.539999961853027344e+00 6.219999790191650391e+00 5.940000057220458984e+00
7.500000000000000000e+00 7.719999790191650391e+00 6.420000076293945312e+00 6.210000038146972656e+00
7.360000133514404297e+00 7.630000114440917969e+00 6.429999828338623047e+00 6.210000038146972656e+00
7.429999828338623047e+00 7.619999885559082031e+00 6.280000209808349609e+00 6.099999904632568359e+00
7.409999847412109375e+00 7.670000076293945312e+00 6.519999980926513672e+00 6.179999828338623047e+00
7.460000038146972656e+00 7.670000076293945312e+00 6.360000133514404297e+00 6.199999809265136719e+00
7.340000152587890625e+00 7.699999809265136719e+00 6.300000190734863281e+00 6.139999866485595703e+00
7.420000076293945312e+00 7.610000133514404297e+00 6.289999961853027344e+00 6.079999923706054688e+00
7.360000133514404297e+00 7.599999904632568359e+00 6.380000114440917969e+00 6.039999961853027344e+00
7.320000171661376953e+00 7.599999904632568359e+00 6.190000057220458984e+00 6.130000114440917969e+00
7.389999866485595703e+00 7.550000190734863281e+00 6.320000171661376953e+00 6.190000057220458984e+00
7.309999942779541016e+00 7.320000171661376953e+00 6.340000152587890625e+00 6.019999980926513672e+00
7.599999904632568359e+00 7.769999980926513672e+00 6.489999771118164062e+00 6.380000114440917969e+00
7.110000133514404297e+00 7.469999790191650391e+00 6.710000038146972656e+00 5.309999942779541016e+00
7.239999771118164062e+00 7.559999942779541016e+00 6.199999809265136719e+00 6.199999809265136719e+00
7.420000076293945312e+00 7.550000190734863281e+00 6.309999942779541016e+00 6.130000114440917969e+00
6.840000152587890625e+00 7.300000190734863281e+00 6.639999866485595703e+00 5.230000019073486328e+00
6.860000133514404297e+00 7.110000133514404297e+00 6.679999828338623047e+00 5.639999866485595703e+00
7.260000228881835938e+00 7.349999904632568359e+00 6.039999961853027344e+00 6.050000190734863281e+00
7.300000190734863281e+00 7.440000057220458984e+00 6.480000019073486328e+00 6.119999885559082031e+00
7.389999866485595703e+00 7.429999828338623047e+00 6.519999980926513672e+00 6.090000152587890625e+00
7.380000114440917969e+00 7.550000190734863281e+00 6.070000171661376953e+00 6.150000095367431641e+00
7.360000133514404297e+00 7.570000171661376953e+00 6.289999961853027344e+00 6.210000038146972656e+00
7.389999866485595703e+00 7.829999923706054688e+00 6.340000152587890625e+00 6.320000171661376953e+00
7.380000114440917969e+00 7.679999828338623047e+00 6.369999885559082031e+00 6.309999942779541016e+00
7.550000190734863281e+00 7.739999771118164062e+00 6.570000171661376953e+00 6.440000057220458984e+00
7.389999866485595703e+00 7.710000038146972656e+00 6.409999847412109375e+00 6.230000019073486328e+00
7.420000076293945312e+00 7.630000114440917969e+00 6.420000076293945312e+00 6.380000114440917969e+00
7.360000133514404297e+00 7.650000095367431641e+00 6.380000114440917969e+00 6.269999980926513672e+00
7.480000019073486328e+00 7.659999847412109375e+00 6.489999771118164062e+00 6.260000228881835938e+00
7.360000133514404297e+00 7.590000152587890625e+00 6.309999942779541016e+00 6.280000209808349609e+00
7.420000076293945312e+00 7.630000114440917969e+00 6.369999885559082031e+00 6.449999809265136719e+00
7.400000095367431641e+00 7.559999942779541016e+00 6.400000095367431641e+00 6.389999866485595703e+00
7.360000133514404297e+00 7.539999961853027344e+00 6.300000190734863281e+00 6.199999809265136719e+00
7.389999866485595703e+00 7.630000114440917969e+00 6.340000152587890625e+00 6.389999866485595703e+00
7.440000057220458984e+00 7.619999885559082031e+00 6.449999809265136719e+00 6.280000209808349609e+00
7.389999866485595703e+00 7.519999980926513672e+00 6.409999847412109375e+00 6.369999885559082031e+00
7.400000095367431641e+00 7.690000057220458984e+00 6.400000095367431641e+00 6.320000171661376953e+00
7.400000095367431641e+00 7.530000209808349609e+00 6.369999885559082031e+00 6.369999885559082031e+00
7.460000038146972656e+00 7.619999885559082031e+00 6.500000000000000000e+00 6.429999828338623047e+00
7.349999904632568359e+00 7.519999980926513672e+00 6.300000190734863281e+00 6.199999809265136719e+00
6.429999828338623047e+00 6.809999942779541016e+00 5.739999771118164062e+00 5.170000076293945312e+00
6.340000152587890625e+00 6.750000000000000000e+00 5.510000228881835938e+00 5.340000152587890625e+00
6.420000076293945312e+00 6.449999809265136719e+00 6.349999904632568359e+00 5.699999809265136719e+00
6.500000000000000000e+00 6.360000133514404297e+00 6.500000000000000000e+00 5.760000228881835938e+00
6.380000114440917969e+00 6.829999923706054688e+00 5.389999866485595703e+00 5.039999961853027344e+00
6.150000095367431641e+00 6.489999771118164062e+00 5.510000228881835938e+00 4.929999828338623047e+00
6.429999828338623047e+00 6.869999885559082031e+00 5.440000057220458984e+00 5.219999790191650391e+00
6.400000095367431641e+00 6.769999980926513672e+00 5.690000057220458984e+00 5.309999942779541016e+00
6.269999980926513672e+00 6.599999904632568359e+00 5.730000019073486328e+00 5.119999885559082031e+00
6.400000095367431641e+00 6.809999942779541016e+00 5.389999866485595703e+00 5.099999904632568359e+00
6.320000171661376953e+00 6.840000152587890625e+00 5.380000114440917969e+00 4.849999904632568359e+00
6.289999961853027344e+00 6.800000190734863281e+00 5.400000095367431641e+00 4.880000114440917969e+00
6.449999809265136719e+00 6.730000019073486328e+00 5.760000228881835938e+00 5.219999790191650391e+00
6.369999885559082031e+00 6.829999923706054688e+00 5.579999923706054688e+00 5.019999980926513672e+00
6.309999942779541016e+00 6.739999771118164062e+00 5.369999885559082031e+00 5.150000095367431641e+00
6.400000095367431641e+00 6.500000000000000000e+00 6.369999885559082031e+00 5.619999885559082031e+00
6.389999866485595703e+00 6.800000190734863281e+00 5.400000095367431641e+00 5.050000190734863281e+00
6.329999923706054688e+00 6.820000171661376953e+00 5.489999771118164062e+00 5.179999828338623047e+00
6.320000171661376953e+00 6.730000019073486328e+00 5.500000000000000000e+00 4.920000076293945312e+00
6.360000133514404297e+00 6.730000019073486328e+00 6.210000038146972656e+00 5.659999847412109375e+00
6.389999866485595703e+00 6.610000133514404297e+00 6.099999904632568359e+00 5.380000114440917969e+00
7.449999809265136719e+00 7.699999809265136719e+00 6.219999790191650391e+00 6.179999828338623047e+00
7.400000095367431641e+00 7.690000057220458984e+00 6.329999923706054688e+00 6.090000152587890625e+00
7.139999866485595703e+00 7.440000057220458984e+00 6.119999885559082031e+00 5.889999866485595703e+00
5.429999828338623047e+00 5.710000038146972656e+00 5.380000114440917969e+00 4.989999771118164062e+00
5.139999866485595703e+00 5.500000000000000000e+00 5.449999809265136719e+00 4.659999847412109375e+00
5.130000114440917969e+00 5.820000171661376953e+00 4.989999771118164062e+00 4.199999809265136719e+00
5.150000095367431641e+00 5.610000133514404297e+00 5.079999923706054688e+00 4.369999885559082031e+00
5.190000057220458984e+00 5.630000114440917969e+00 5.530000209808349609e+00 3.930000066757202148e+00
7.380000114440917969e+00 7.710000038146972656e+00 6.460000038146972656e+00 6.460000038146972656e+00
7.449999809265136719e+00 7.610000133514404297e+00 6.489999771118164062e+00 6.619999885559082031e+00
7.429999828338623047e+00 7.570000171661376953e+00 6.480000019073486328e+00 6.400000095367431641e+00
7.409999847412109375e+00 7.650000095367431641e+00 6.519999980926513672e+00 6.539999961853027344e+00
7.429999828338623047e+00 7.460000038146972656e+00 6.440000057220458984e+00 6.480000019073486328e+00
7.420000076293945312e+00 7.530000209808349609e+00 6.510000228881835938e+00 6.659999847412109375e+00
7.429999828338623047e+00 7.929999828338623047e+00 6.619999885559082031e+00 6.809999942779541016e+00
5.260000228881835938e+00 5.730000019073486328e+00 5.289999961853027344e+00 4.360000133514404297e+00
5.500000000000000000e+00 5.989999771118164062e+00 4.469999790191650391e+00 4.349999904632568359e+00
5.389999866485595703e+00 6.110000133514404297e+00 5.179999828338623047e+00 4.190000057220458984e+00
5.530000209808349609e+00 6.079999923706054688e+00 5.219999790191650391e+00 4.190000057220458984e+00
5.360000133514404297e+00 5.500000000000000000e+00 5.550000190734863281e+00 4.619999885559082031e+00
5.429999828338623047e+00 5.699999809265136719e+00 5.489999771118164062e+00 4.690000057220458984e+00
5.380000114440917969e+00 5.940000057220458984e+00 5.320000171661376953e+00 4.829999923706054688e+00
5.360000133514404297e+00 5.659999847412109375e+00 5.550000190734863281e+00 4.679999828338623047e+00
5.500000000000000000e+00 5.940000057220458984e+00 5.610000133514404297e+00 4.739999771118164062e+00
5.360000133514404297e+00 6.199999809265136719e+00 4.690000057220458984e+00 4.400000095367431641e+00
5.360000133514404297e+00 5.590000152587890625e+00 5.550000190734863281e+00 4.719999790191650391e+00
5.460000038146972656e+00 5.690000057220458984e+00 5.610000133514404297e+00 4.639999866485595703e+00
5.429999828338623047e+00 5.909999847412109375e+00 5.170000076293945312e+00 4.019999980926513672e+00
5.469999790191650391e+00 6.079999923706054688e+00 4.969999790191650391e+00 4.190000057220458984e+00
5.420000076293945312e+00 5.590000152587890625e+00 5.599999904632568359e+00 4.820000171661376953e+00
5.489999771118164062e+00 6.099999904632568359e+00 4.960000038146972656e+00 4.619999885559082031e+00
5.489999771118164062e+00 5.500000000000000000e+00 5.650000095367431641e+00 4.769999980926513672e+00
5.469999790191650391e+00 5.699999809265136719e+00 5.510000228881835938e+00 4.780000209808349609e+00
6.969999790191650391e+00 7.469999790191650391e+00 6.280000209808349609e+00 6.170000076293945312e+00
7.050000190734863281e+00 7.559999942779541016e+00 6.409999847412109375e+00 6.449999809265136719e+00
7.190000057220458984e+00 7.590000152587890625e+00 6.590000152587890625e+00 6.519999980926513672e+00
7.030000209808349609e+00 7.599999904632568359e+00 6.280000209808349609e+00 6.010000228881835938e+00
7.039999961853027344e+00 7.550000190734863281e+00 6.380000114440917969e+00 6.409999847412109375e+00
7.119999885559082031e+00 7.570000171661376953e+00 6.380000114440917969e+00 6.519999980926513672e+00
7.010000228881835938e+00 7.539999961853027344e+00 6.280000209808349609e+00 6.280000209808349609e+00
6.940000057220458984e+00 7.460000038146972656e+00 6.219999790191650391e+00 5.840000152587890625e+00
7.070000171661376953e+00 7.500000000000000000e+00 6.380000114440917969e+00 6.050000190734863281e+00
7.449999809265136719e+00 7.679999828338623047e+00 6.469999790191650391e+00 6.300000190734863281e+00
6.760000228881835938e+00 6.550000190734863281e+00 6.579999923706054688e+00 5.309999942779541016e+00
6.000000000000000000e+00 6.269999980926513672e+00 5.050000190734863281e+00 4.900000095367431641e+00
5.900000095367431641e+00 6.260000228881835938e+00 5.159999847412109375e+00 4.900000095367431641e+00
5.940000057220458984e+00 6.789999961853027344e+00 5.559999942779541016e+00 4.670000076293945312e+00
5.800000190734863281e+00 6.110000133514404297e+00 5.010000228881835938e+00 4.590000152587890625e+00
5.860000133514404297e+00 6.460000038146972656e+00 5.159999847412109375e+00 4.369999885559082031e+00
5.820000171661376953e+00 5.949999809265136719e+00 5.059999942779541016e+00 4.960000038146972656e+00
5.900000095367431641e+00 6.489999771118164062e+00 5.159999847412109375e+00 4.719999790191650391e+00
5.880000114440917969e+00 6.159999847412109375e+00 5.500000000000000000e+00 4.840000152587890625e+00
5.869999885559082031e+00 6.199999809265136719e+00 5.710000038146972656e+00 4.849999904632568359e+00
5.869999885559082031e+00 6.489999771118164062e+00 5.519999980926513672e+00 4.820000171661376953e+00
5.869999885559082031e+00 5.940000057220458984e+00 5.889999866485595703e+00 4.829999923706054688e+00
5.909999847412109375e+00 6.309999942779541016e+00 5.889999866485595703e+00 5.199999809265136719e+00
5.920000076293945312e+00 6.329999923706054688e+00 5.300000190734863281e+00 4.699999809265136719e+00
5.900000095367431641e+00 6.469999790191650391e+00 5.349999904632568359e+00 4.539999961853027344e+00
5.940000057220458984e+00 6.519999980926513672e+00 5.110000133514404297e+00 4.500000000000000000e+00
5.920000076293945312e+00 6.510000228881835938e+00 4.969999790191650391e+00 4.480000019073486328e+00
5.889999866485595703e+00 6.340000152587890625e+00 5.190000057220458984e+00 4.500000000000000000e+00
5.949999809265136719e+00 6.750000000000000000e+00 5.210000038146972656e+00 4.630000114440917969e+00
5.960000038146972656e+00 6.599999904632568359e+00 5.239999771118164062e+00 4.739999771118164062e+00
5.989999771118164062e+00 6.489999771118164062e+00 4.360000133514404297e+00 4.679999828338623047e+00
5.920000076293945312e+00 6.500000000000000000e+00 5.159999847412109375e+00 4.500000000000000000e+00
5.989999771118164062e+00 6.510000228881835938e+00 5.719999790191650391e+00 5.360000133514404297e+00
5.949999809265136719e+00 6.460000038146972656e+00 5.329999923706054688e+00 4.940000057220458984e+00
5.920000076293945312e+00 6.510000228881835938e+00 4.909999847412109375e+00 4.610000133514404297e+00
5.949999809265136719e+00 6.460000038146972656e+00 5.550000190734863281e+00 5.079999923706054688e+00
5.940000057220458984e+00 6.420000076293945312e+00 5.110000133514404297e+00 4.619999885559082031e+00
5.869999885559082031e+00 6.280000209808349609e+00 5.329999923706054688e+00 4.960000038146972656e+00
6.159999847412109375e+00 6.590000152587890625e+00 6.010000228881835938e+00 5.119999885559082031e+00
5.940000057220458984e+00 6.500000000000000000e+00 5.460000038146972656e+00 5.050000190734863281e+00
5.929999828338623047e+00 6.070000171661376953e+00 5.869999885559082031e+00 5.110000133514404297e+00
5.960000038146972656e+00 6.579999923706054688e+00 5.739999771118164062e+00 5.250000000000000000e+00
5.929999828338623047e+00 6.539999961853027344e+00 5.599999904632568359e+00 4.949999809265136719e+00
6.079999923706054688e+00 6.389999866485595703e+00 5.539999961853027344e+00 5.199999809265136719e+00
5.860000133514404297e+00 6.289999961853027344e+00 5.260000228881835938e+00 4.829999923706054688e+00
5.889999866485595703e+00 6.239999771118164062e+00 5.760000228881835938e+00 4.909999847412109375e+00
5.929999828338623047e+00 6.369999885559082031e+00 5.449999809265136719e+00 4.730000019073486328e+00
5.969999790191650391e+00 6.469999790191650391e+00 5.380000114440917969e+00 4.820000171661376953e+00
5.840000152587890625e+00 6.099999904632568359e+00 4.809999942779541016e+00 4.480000019073486328e+00
5.929999828338623047e+00 6.250000000000000000e+00 5.630000114440917969e+00 5.260000228881835938e+00
5.920000076293945312e+00 6.460000038146972656e+00 5.179999828338623047e+00 4.539999961853027344e+00
6.019999980926513672e+00 6.269999980926513672e+00 5.809999942779541016e+00 4.880000114440917969e+00
5.980000019073486328e+00 6.150000095367431641e+00 6.050000190734863281e+00 5.260000228881835938e+00
6.000000000000000000e+00 6.619999885559082031e+00 6.000000000000000000e+00 5.420000076293945312e+00
5.900000095367431641e+00 5.880000114440917969e+00 5.949999809265136719e+00 4.719999790191650391e+00
5.909999847412109375e+00 6.199999809265136719e+00 5.119999885559082031e+00 4.690000057220458984e+00
5.909999847412109375e+00 6.059999942779541016e+00 5.929999828338623047e+00 5.179999828338623047e+00
4.980000019073486328e+00 5.039999961853027344e+00 5.280000209808349609e+00 4.289999961853027344e+00
4.909999847412109375e+00 5.489999771118164062e+00 4.429999828338623047e+00 3.910000085830688477e+00
4.900000095367431641e+00 5.559999942779541016e+00 4.320000171661376953e+00 3.849999904632568359e+00
4.719999790191650391e+00 5.280000209808349609e+00 5.190000057220458984e+00 3.710000038146972656e+00
5.030000209808349609e+00 5.610000133514404297e+00 4.130000114440917969e+00 3.950000047683715820e+00
5.039999961853027344e+00 5.510000228881835938e+00 4.739999771118164062e+00 4.260000228881835938e+00
4.949999809265136719e+00 5.510000228881835938e+00 5.239999771118164062e+00 3.799999952316284180e+00
4.889999866485595703e+00 5.400000095367431641e+00 5.289999961853027344e+00 3.799999952316284180e+00
4.989999771118164062e+00 5.530000209808349609e+00 4.260000228881835938e+00 3.809999942779541016e+00
5.099999904632568359e+00 5.550000190734863281e+00 5.170000076293945312e+00 4.440000057220458984e+00
4.949999809265136719e+00 5.429999828338623047e+00 5.199999809265136719e+00 4.219999790191650391e+00
5.059999942779541016e+00 5.489999771118164062e+00 5.030000209808349609e+00 4.150000095367431641e+00
4.969999790191650391e+00 4.949999809265136719e+00 4.130000114440917969e+00 4.289999961853027344e+00
4.869999885559082031e+00 5.449999809265136719e+00 3.789999961853027344e+00 4.170000076293945312e+00
4.960000038146972656e+00 5.619999885559082031e+00 4.989999771118164062e+00 4.409999847412109375e+00
5.000000000000000000e+00 5.480000019073486328e+00 4.679999828338623047e+00 4.280000209808349609e+00
4.849999904632568359e+00 5.460000038146972656e+00 5.380000114440917969e+00 3.799999952316284180e+00
5.000000000000000000e+00 5.550000190734863281e+00 4.119999885559082031e+00 4.019999980926513672e+00
4.960000038146972656e+00 5.280000209808349609e+00 5.340000152587890625e+00 4.039999961853027344e+00
5.860000133514404297e+00 6.409999847412109375e+00 5.059999942779541016e+00 4.780000209808349609e+00
5.849999904632568359e+00 6.429999828338623047e+00 5.139999866485595703e+00 4.380000114440917969e+00
5.760000228881835938e+00 6.679999828338623047e+00 5.650000095367431641e+00 4.840000152587890625e+00
6.150000095367431641e+00 6.619999885559082031e+00 6.190000057220458984e+00 4.699999809265136719e+00
5.929999828338623047e+00 6.420000076293945312e+00 5.190000057220458984e+00 5.039999961853027344e+00
5.889999866485595703e+00 6.440000057220458984e+00 5.230000019073486328e+00 4.889999866485595703e+00
6.150000095367431641e+00 6.630000114440917969e+00 5.670000076293945312e+00 5.179999828338623047e+00
6.050000190734863281e+00 6.219999790191650391e+00 6.300000190734863281e+00 4.610000133514404297e+00
6.230000019073486328e+00 6.639999866485595703e+00 6.079999923706054688e+00 5.010000228881835938e+00
6.099999904632568359e+00 6.389999866485595703e+00 5.900000095367431641e+00 5.199999809265136719e+00
5.940000057220458984e+00 6.409999847412109375e+00 5.389999866485595703e+00 4.980000019073486328e+00
5.860000133514404297e+00 6.420000076293945312e+00 5.239999771118164062e+00 4.420000076293945312e+00
6.030000209808349609e+00 6.579999923706054688e+00 5.389999866485595703e+00 5.260000228881835938e+00
