1.058465898330332244e+01 9.504079163825254639e+00
1.104036012122860733e+01 1.132419831923859910e+01
1.073585733974322665e+01 1.027403881652686657e+01
1.093731503330636023e+01 9.141501851651854693e+00
9.582124214461158473e+00 1.333151491568239067e+01
8.824832301026440007e+00 9.518600855817700435e+00
9.956503402718333007e+00 9.561237369181730728e+00
9.715476603052739080e+00 1.082411536499791183e+01
1.091375634809069872e+01 9.630424065654576538e+00
9.198938706708208457e+00 9.698149348178501938e+00
